1.520924539170507017e-01,2.017065092165898632e-01,1.526872119815668172e-01,2.621947004608294884e-01,2.628557027649769395e-01,2.628557027649769395e-01,2.619585253456221396e-01,2.598775921658986188e-01,2.629853110599078558e-01,2.623257488479262545e-01,2.621241359447004649e-01,2.013450460829493138e-01,2.629853110599078558e-01,2.609907834101382607e-01,2.627073732718894217e-01,2.626699308755760520e-01,2.618836405529954003e-01,2.625907258064515970e-01,2.624927995391704849e-01,2.606566820276497443e-01,2.626699308755760520e-01,2.623646313364055294e-01,2.621860599078341125e-01,2.619700460829493260e-01,2.626699308755760520e-01,2.625302419354838546e-01,2.618188364055299422e-01,2.626036866359446886e-01,2.623646313364055294e-01,2.624308755760368927e-01,2.626036866359446886e-01,2.627088133640553269e-01,1.659936635944700423e-01,2.629478686635944862e-01,2.607618087557603825e-01,1.526872119815668172e-01,2.629478686635944862e-01,2.627088133640553269e-01,2.622911866359446953e-01,1.536952764976958485e-01,2.616921082949308919e-01,2.612773617511520707e-01,2.629478686635944862e-01,2.621241359447004649e-01,2.621241359447004649e-01,2.399222350230414691e-01,2.615624999999999756e-01,2.617885944700460987e-01,2.599337557603686455e-01,2.629853110599078558e-01
1.519182027649769451e-01,2.620866935483870952e-01,2.687917626728110743e-01,2.622105414746543905e-01,2.621486175115207429e-01,1.987197580645161388e-01,2.627692972350230138e-01,2.292482718894009175e-01,2.591978686635944551e-01,2.623876728110599021e-01,2.615999423963133452e-01,2.627318548387096997e-01,2.621226958525345596e-01,2.005256336405530082e-01,2.623876728110599021e-01,2.619700460829493260e-01,2.618750000000000244e-01,2.621486175115207429e-01,2.629478686635944862e-01,2.629478686635944862e-01,2.577836981566820063e-01,2.624539170506912655e-01,2.626036866359446886e-01,2.623257488479262545e-01,2.623646313364055294e-01,2.629853110599078558e-01,2.629478686635944862e-01,2.623516705069124377e-01,2.620866935483870952e-01,2.543951612903225801e-01,2.627318548387096997e-01,2.627073732718894217e-01,2.629478686635944862e-01,2.627088133640553269e-01,2.629478686635944862e-01,2.623631912442396241e-01,2.627073732718894217e-01,2.624020737327188990e-01,2.625403225806451357e-01,2.625792050691244106e-01,2.626281682027649667e-01,2.626699308755760520e-01,2.621730990783410209e-01,2.627088133640553269e-01,1.525950460829492983e-01,2.618058755760368506e-01,2.627462557603686411e-01,2.626699308755760520e-01,2.621097350230414680e-01,2.610757488479262811e-01
1.525633640552995496e-01,1.523660714285714202e-01,2.609778225806451690e-01,2.619830069124424177e-01,2.412471198156682095e-01,2.714832949308755849e-01,2.616388248847926201e-01,2.595262096774193505e-01,2.626036866359446886e-01,2.586290322580644951e-01,2.626022465437787834e-01,2.624251152073732718e-01,2.618332373271889391e-01,2.584879032258064480e-01,2.624539170506912655e-01,2.610527073732719083e-01,2.629478686635944862e-01,2.621486175115207429e-01,2.627462557603686411e-01,2.623646313364055294e-01,2.602952188940091949e-01,2.628643433179723710e-01,2.624927995391704849e-01,2.605515552995391615e-01,2.623257488479262545e-01,2.626411290322580583e-01,2.610757488479262811e-01,2.621486175115207429e-01,2.626699308755760520e-01,2.626022465437787834e-01,2.629478686635944862e-01,2.627462557603686411e-01,2.621126152073732785e-01,2.571356566820276468e-01,2.629478686635944862e-01,2.627692972350230138e-01,2.627088133640553269e-01,2.629478686635944862e-01,2.627462557603686411e-01,2.626699308755760520e-01,2.623891129032258074e-01,2.625403225806451357e-01,2.626036866359446886e-01,2.618404377880184097e-01,2.619714861751152313e-01,2.625792050691244106e-01,2.626411290322580583e-01,2.627692972350230138e-01,2.626036866359446886e-01,1.974020737327188968e-01
2.624927995391704849e-01,1.526512096774193528e-01,1.986779953917050812e-01,2.382920506912442338e-01,1.526872119815668172e-01,2.616921082949308919e-01,2.601324884792626801e-01,2.595262096774193505e-01,2.612053571428571419e-01,2.588292050691244350e-01,2.626036866359446886e-01,2.627318548387096997e-01,2.621730990783410209e-01,2.612053571428571419e-01,2.624927995391704849e-01,2.620564516129032517e-01,2.626036866359446886e-01,2.592871543778801913e-01,2.626699308755760520e-01,2.624251152073732718e-01,2.622523041474654204e-01,2.612716013824885053e-01,2.615221774193548510e-01,2.620132488479262611e-01,2.617180299539170751e-01,2.462471198156682139e-01,2.616517857142857117e-01,2.624308755760368927e-01,2.623286290322580649e-01,2.626166474654377803e-01,2.623891129032258074e-01,2.626166474654377803e-01,2.627088133640553269e-01,2.621860599078341125e-01,2.623286290322580649e-01,2.624927995391704849e-01,2.594282834101382385e-01,2.622897465437787901e-01,2.624308755760368927e-01,2.627073732718894217e-01,2.626166474654377803e-01,2.627318548387096997e-01,2.620132488479262611e-01,2.613810483870967483e-01,2.618202764976958474e-01,2.583568548387096819e-01,2.626411290322580583e-01,2.622105414746543905e-01,2.621961405529953937e-01,2.611045506912442193e-01
1.526872119815668172e-01,2.611938364055299555e-01,1.975806451612903136e-01,2.575979262672811188e-01,2.578470622119815592e-01,2.615639400921658808e-01,2.612773617511520707e-01,2.602923387096774399e-01,2.626022465437787834e-01,2.610383064516129115e-01,2.624539170506912655e-01,2.623516705069124377e-01,2.624927995391704849e-01,2.627318548387096997e-01,2.548473502304147709e-01,2.629853110599078558e-01,2.611059907834101246e-01,2.626036866359446886e-01,2.627318548387096997e-01,2.594167626728110521e-01,2.603917050691244017e-01,2.627318548387096997e-01,2.629853110599078558e-01,2.600100806451612900e-01,2.623257488479262545e-01,2.627073732718894217e-01,2.575446428571428470e-01,2.626022465437787834e-01,2.600504032258064702e-01,2.613464861751151891e-01,2.622580645161290414e-01,2.626699308755760520e-01,2.627088133640553269e-01,2.625777649769585054e-01,2.626411290322580583e-01,2.598185483870967816e-01,2.627692972350230138e-01,2.617727534562211966e-01,2.626411290322580583e-01,2.619714861751152313e-01,2.594167626728110521e-01,2.623502304147465325e-01,2.620564516129032517e-01,2.627692972350230138e-01,2.626569700460829604e-01,2.626411290322580583e-01,2.626411290322580583e-01,2.625777649769585054e-01,2.622148617511520508e-01,2.629478686635944862e-01
1.526872119815668172e-01,2.621471774193548376e-01,1.561506336405529827e-01,1.922393433179723499e-01,2.578312211981566571e-01,2.594729262672810788e-01,2.604190668202764902e-01,2.627088133640553269e-01,2.599452764976958319e-01,2.603139400921659075e-01,2.607862903225806606e-01,2.619830069124424177e-01,2.622148617511520508e-01,2.617309907834101113e-01,2.623876728110599021e-01,2.629853110599078558e-01,2.629853110599078558e-01,2.619340437788018616e-01,2.621860599078341125e-01,2.625792050691244106e-01,2.621356566820276512e-01,2.513205645161290525e-01,2.603801843317972153e-01,2.626209677419354960e-01,2.626166474654377803e-01,2.613133640552995351e-01,2.608784562211981517e-01,2.621601382488479293e-01,1.994887672811059831e-01,2.598819124423963345e-01,2.625201612903225734e-01,2.624020737327188990e-01,2.624020737327188990e-01,2.627318548387096997e-01,2.623127880184331628e-01,2.626036866359446886e-01,2.622523041474654204e-01,2.625302419354838546e-01,2.623286290322580649e-01,2.611203917050691214e-01,2.626411290322580583e-01,2.625302419354838546e-01,2.629478686635944862e-01,2.627462557603686411e-01,2.621212557603686544e-01,2.622955069124424110e-01,2.627462557603686411e-01,2.614228110599078336e-01,2.621860599078341125e-01,2.600777649769585032e-01
2.571370967741935520e-01,1.585195852534562189e-01,1.869585253456221285e-01,3.131005184331797087e-01,2.625302419354838546e-01,2.558107718894009341e-01,2.516705069124424154e-01,2.570521313364055316e-01,2.570679723502304337e-01,2.625777649769585054e-01,2.614444124423963012e-01,2.627692972350230138e-01,2.626396889400921530e-01,2.622523041474654204e-01,2.625302419354838546e-01,2.624251152073732718e-01,2.626699308755760520e-01,2.629853110599078558e-01,2.620953341013824711e-01,2.629478686635944862e-01,2.621097350230414680e-01,2.614904953917050467e-01,2.609187788018433318e-01,2.626425691244239635e-01,2.627073732718894217e-01,2.627692972350230138e-01,2.608251728110599355e-01,2.622364631336405738e-01,2.623631912442396241e-01,2.622350230414746686e-01,2.629478686635944862e-01,2.613234447004608163e-01,2.624927995391704849e-01,2.627073732718894217e-01,2.629853110599078558e-01,2.622335829493087633e-01,2.627088133640553269e-01,2.622911866359446953e-01,2.629478686635944862e-01,2.628585829493087500e-01,2.623876728110599021e-01,2.629853110599078558e-01,2.625302419354838546e-01,2.619441244239631428e-01,2.607502880184331961e-01,2.614904953917050467e-01,2.619844470046082674e-01,2.610368663594470062e-01,2.629478686635944862e-01,2.626036866359446886e-01
1.556696428571428537e-01,1.999553571428571430e-01,2.569455645161290436e-01,2.485887096774193616e-01,2.603326612903225645e-01,2.602736175115207273e-01,2.622609447004608518e-01,2.616935483870967971e-01,2.623631912442396241e-01,2.596932603686635810e-01,2.621486175115207429e-01,2.624927995391704849e-01,2.619570852534562344e-01,2.624927995391704849e-01,2.621097350230414680e-01,2.616258640552995285e-01,2.619081221198156784e-01,2.621486175115207429e-01,2.622148617511520508e-01,2.626411290322580583e-01,2.626411290322580583e-01,2.626411290322580583e-01,2.629853110599078558e-01,2.622955069124424110e-01,2.629853110599078558e-01,2.602635368663594462e-01,2.589256912442396419e-01,2.614732142857142949e-01,2.623891129032258074e-01,2.619455645161290480e-01,2.623142281105990681e-01,2.629853110599078558e-01,2.614501728110599221e-01,2.619974078341013590e-01,2.614861751152073865e-01,2.618908410138248710e-01,2.629853110599078558e-01,2.624927995391704849e-01,2.614444124423963012e-01,2.619066820276497731e-01,2.627088133640553269e-01,2.612845622119815414e-01,2.541071428571428648e-01,2.629478686635944862e-01,2.629478686635944862e-01,2.616921082949308919e-01,2.623286290322580649e-01,2.621486175115207429e-01,2.626411290322580583e-01,1.524899193548387155e-01
1.991805875576036777e-01,2.611434331797234942e-01,1.995751728110599088e-01,2.561837557603686699e-01,2.582517281105990992e-01,2.604046658986174934e-01,2.626281682027649667e-01,2.627692972350230138e-01,1.526872119815668172e-01,2.571054147465438033e-01,2.618404377880184097e-01,2.629478686635944862e-01,2.623876728110599021e-01,2.620190092165898821e-01,2.609014976958525245e-01,2.620823732718893795e-01,1.526872119815668172e-01,1.881394009216589835e-01,2.621486175115207429e-01,2.617785138248848176e-01,2.629478686635944862e-01,2.621486175115207429e-01,2.623631912442396241e-01,2.629853110599078558e-01,2.629478686635944862e-01,2.629853110599078558e-01,2.622753456221197932e-01,2.626036866359446886e-01,2.591445852534562388e-01,2.626036866359446886e-01,2.621831797235023020e-01,2.608914170506912433e-01,1.526872119815668172e-01,2.596183755760368417e-01,2.629478686635944862e-01,2.618677995391704982e-01,2.615495391705069395e-01,2.629853110599078558e-01,2.627462557603686411e-01,2.620866935483870952e-01,2.626411290322580583e-01,2.624539170506912655e-01,2.620838133640552847e-01,2.624927995391704849e-01,2.629478686635944862e-01,2.624985599078341059e-01,2.629478686635944862e-01,2.622739055299539435e-01,2.620751728110599088e-01,2.621990207373272042e-01
2.625806451612903158e-01,1.526872119815668172e-01,1.526872119815668172e-01,2.605731566820276290e-01,1.972047811059907951e-01,1.526872119815668172e-01,2.575086405529953826e-01,2.527908986175115280e-01,2.598588709677419617e-01,2.596932603686635810e-01,2.623876728110599021e-01,2.613493663594469996e-01,2.609432603686636098e-01,2.620190092165898821e-01,2.602491359447004493e-01,2.624539170506912655e-01,2.623646313364055294e-01,2.510066244239631539e-01,2.616921082949308919e-01,2.629853110599078558e-01,2.625302419354838546e-01,2.629478686635944862e-01,2.623646313364055294e-01,2.625115207373271975e-01,2.627318548387096997e-01,2.624251152073732718e-01,2.614847350230414813e-01,2.621875000000000178e-01,2.621990207373272042e-01,2.621860599078341125e-01,2.605097926267281316e-01,2.626195276497695907e-01,2.582848502304147531e-01,2.798675115207372999e-01,2.614904953917050467e-01,2.584230990783409898e-01,2.623257488479262545e-01,2.604205069124423955e-01,2.611794354838709586e-01,2.605357142857142594e-01,2.621975806451612989e-01,2.627088133640553269e-01,2.629853110599078558e-01,2.623876728110599021e-01,2.623257488479262545e-01,2.625792050691244106e-01,2.614588133640552980e-01,3.233971774193548643e-01,2.621730990783410209e-01,2.622595046082949466e-01
1.995910138248847832e-01,1.526872119815668172e-01,1.526872119815668172e-01,1.979277073732718939e-01,2.540855414746543972e-01,2.546097350230414613e-01,2.594844470046083207e-01,2.597811059907834119e-01,2.590149769585253225e-01,2.612341589861751356e-01,2.608539746543778737e-01,2.622580645161290414e-01,2.624452764976958341e-01,2.620190092165898821e-01,2.624539170506912655e-01,2.615999423963133452e-01,2.625403225806451357e-01,2.586448732718893972e-01,2.624020737327188990e-01,2.628182603686635699e-01,2.621486175115207429e-01,2.624927995391704849e-01,2.625806451612903158e-01,2.626411290322580583e-01,2.624899193548387299e-01,2.622436635944700445e-01,2.586477534562212077e-01,2.627044930875576112e-01,2.624020737327188990e-01,2.629478686635944862e-01,2.622652649769585120e-01,2.623646313364055294e-01,2.607013248847926401e-01,2.624308755760368927e-01,2.625518433179723776e-01,2.612067972350230471e-01,1.539400921658986288e-01,2.627088133640553269e-01,2.629478686635944862e-01,2.626425691244239635e-01,2.625302419354838546e-01,2.622523041474654204e-01,2.623631912442396241e-01,2.619081221198156784e-01,2.596183755760368417e-01,2.619700460829493260e-01,2.791791474654377603e-01,2.587744815668202580e-01,2.618404377880184097e-01,2.625403225806451357e-01
2.002505760368663568e-01,2.625144009216590080e-01,1.891993087557603814e-01,1.521370967741935420e-01,1.990293778801843216e-01,2.561304723502303982e-01,2.531998847926267282e-01,2.592281105990783541e-01,2.160426267281105872e-01,1.768922811059907840e-01,2.613234447004608163e-01,2.608208525345622197e-01,2.626411290322580583e-01,1.875144009216589969e-01,1.687600806451612923e-01,2.623631912442396241e-01,2.620967741935483764e-01,2.623631912442396241e-01,2.629853110599078558e-01,2.622148617511520508e-01,2.624006336405529938e-01,2.625302419354838546e-01,2.626036866359446886e-01,2.627088133640553269e-01,1.984720622119815758e-01,2.620478110599078203e-01,2.606854838709677380e-01,2.624409562211981739e-01,2.619527649769585187e-01,2.621486175115207429e-01,2.619455645161290480e-01,2.623012672811059764e-01,2.623646313364055294e-01,2.623631912442396241e-01,2.624539170506912655e-01,2.624006336405529938e-01,2.628182603686635699e-01,2.598401497695852491e-01,2.625907258064515970e-01,2.629478686635944862e-01,2.622148617511520508e-01,2.623257488479262545e-01,2.626036866359446886e-01,2.629478686635944862e-01,2.624927995391704849e-01,1.915063364055299422e-01,2.021183755760368739e-01,2.623646313364055294e-01,2.618706797235023087e-01,3.021025345622119773e-01
2.033064516129032273e-01,2.616517857142857117e-01,2.612874423963133519e-01,2.548617511520737122e-01,2.614746543778802002e-01,2.627318548387096997e-01,1.867137096774193483e-01,2.619599654377880449e-01,2.434951036866359331e-01,2.070593317972350134e-01,2.627318548387096997e-01,3.233957373271889590e-01,2.544441244239631361e-01,2.618706797235023087e-01,2.622983870967741660e-01,2.604464285714285787e-01,2.624006336405529938e-01,2.626022465437787834e-01,2.624927995391704849e-01,2.626699308755760520e-01,2.601137672811059676e-01,2.623631912442396241e-01,2.611189516129032162e-01,2.623387096774193461e-01,2.626180875576036855e-01,2.624006336405529938e-01,2.612759216589861655e-01,2.626411290322580583e-01,2.625302419354838546e-01,2.607618087557603825e-01,2.627088133640553269e-01,2.627088133640553269e-01,2.626209677419354960e-01,2.624020737327188990e-01,2.619196428571428648e-01,2.629478686635944862e-01,2.613954493087557451e-01,2.626411290322580583e-01,2.612845622119815414e-01,2.629478686635944862e-01,2.624035138248848043e-01,2.616301843317972442e-01,2.611074308755760298e-01,2.618548387096774066e-01,2.623358294930875356e-01,2.941647465437787767e-01,2.627318548387096997e-01,2.624927995391704849e-01,2.626411290322580583e-01,2.597494239631336632e-01
2.625302419354838546e-01,2.590567396313364079e-01,1.885138248847926246e-01,2.585987903225806517e-01,2.568231566820276535e-01,2.465264976958525256e-01,2.628341013824884720e-01,2.619570852534562344e-01,2.603672235023041237e-01,2.619081221198156784e-01,2.626022465437787834e-01,2.614732142857142949e-01,2.626396889400921530e-01,2.622580645161290414e-01,2.619441244239631428e-01,2.623631912442396241e-01,2.620175691244239768e-01,2.628182603686635699e-01,2.626022465437787834e-01,2.625302419354838546e-01,2.837528801843318127e-01,2.624308755760368927e-01,2.626411290322580583e-01,2.623387096774193461e-01,2.625792050691244106e-01,2.619326036866359564e-01,2.623257488479262545e-01,2.629478686635944862e-01,2.607632488479262878e-01,2.598545506912442460e-01,2.620866935483870952e-01,2.627692972350230138e-01,2.612960829493087833e-01,2.626411290322580583e-01,2.628557027649769395e-01,2.629853110599078558e-01,2.623876728110599021e-01,2.623876728110599021e-01,2.627462557603686411e-01,2.621342165898617460e-01,2.616215437788018683e-01,2.624020737327188990e-01,2.621226958525345596e-01,2.623646313364055294e-01,2.619081221198156784e-01,2.622220622119815769e-01,3.323444700460829737e-01,2.599899193548387277e-01,2.626036866359446886e-01,2.629478686635944862e-01
2.589199308755760209e-01,2.626022465437787834e-01,2.572249423963133830e-01,2.585512672811060009e-01,2.629853110599078558e-01,2.627073732718894217e-01,2.605961981566820018e-01,2.614199308755760232e-01,2.620852534562211900e-01,2.597047811059907674e-01,2.627088133640553269e-01,2.623516705069124377e-01,2.623631912442396241e-01,2.622580645161290414e-01,2.624006336405529938e-01,2.597263824884792349e-01,2.623876728110599021e-01,2.618706797235023087e-01,2.625864055299539368e-01,2.621111751152073732e-01,2.592497119815668216e-01,1.514112903225806328e-01,2.627318548387096997e-01,2.626699308755760520e-01,2.623876728110599021e-01,2.624683179723502069e-01,2.624683179723502069e-01,2.612269585253456095e-01,2.577894585253456272e-01,2.627692972350230138e-01,1.986103110599078403e-01,2.624769585253456383e-01,2.629478686635944862e-01,2.626022465437787834e-01,2.627073732718894217e-01,2.628182603686635699e-01,2.612327188940092304e-01,2.629853110599078558e-01,2.627088133640553269e-01,2.628643433179723710e-01,2.619455645161290480e-01,2.615596198156682206e-01,2.627088133640553269e-01,2.623646313364055294e-01,2.623646313364055294e-01,2.625302419354838546e-01,2.627462557603686411e-01,2.623387096774193461e-01,2.608525345622119684e-01,3.289400921658985899e-01
1.564343317972350100e-01,2.620866935483870952e-01,1.867381912442396263e-01,2.623127880184331628e-01,2.627318548387096997e-01,2.550518433179723710e-01,2.474135944700460721e-01,2.599438364055299266e-01,2.611045506912442193e-01,2.619815668202765124e-01,2.627692972350230138e-01,2.626022465437787834e-01,2.624927995391704849e-01,2.627692972350230138e-01,2.621486175115207429e-01,2.629853110599078558e-01,2.629478686635944862e-01,2.620132488479262611e-01,2.627318548387096997e-01,2.628960253456221197e-01,2.600748847926267482e-01,2.625864055299539368e-01,2.598761520737327135e-01,2.576641705069124266e-01,2.619844470046082674e-01,2.579104262672811121e-01,2.626411290322580583e-01,2.611578341013824911e-01,2.623473502304147220e-01,2.326051267281105950e-01,1.526872119815668172e-01,2.624927995391704849e-01,2.621860599078341125e-01,2.624006336405529938e-01,2.627318548387096997e-01,2.622911866359446953e-01,2.629478686635944862e-01,2.629478686635944862e-01,2.627073732718894217e-01,2.625518433179723776e-01,2.621975806451612989e-01,2.565581797235023109e-01,2.624251152073732718e-01,2.615624999999999756e-01,2.592597926267281028e-01,2.618101958525345663e-01,2.618289170506912233e-01,2.615279377880184164e-01,2.611923963133640503e-01,3.430832373271889280e-01
2.624251152073732718e-01,1.551857718894009142e-01,2.629853110599078558e-01,2.288220046082949377e-01,2.621860599078341125e-01,2.602952188940091949e-01,2.554233870967742015e-01,2.571370967741935520e-01,2.571730990783410165e-01,2.605803571428571552e-01,2.607603686635944773e-01,2.623257488479262545e-01,2.624251152073732718e-01,2.619700460829493260e-01,2.621471774193548376e-01,2.621860599078341125e-01,2.620074884792626957e-01,2.629853110599078558e-01,2.625403225806451357e-01,2.620175691244239768e-01,2.626411290322580583e-01,2.612874423963133519e-01,2.561059907834101201e-01,2.611880760368663346e-01,2.597710253456221308e-01,2.626036866359446886e-01,2.593591589861751201e-01,2.612485599078340770e-01,2.619513248847926135e-01,2.627318548387096997e-01,2.620593317972350067e-01,2.622911866359446953e-01,2.613061635944700645e-01,2.629853110599078558e-01,2.619470046082949533e-01,2.617309907834101113e-01,2.613148041474654404e-01,2.624927995391704849e-01,2.616805875576037055e-01,2.622897465437787901e-01,2.624308755760368927e-01,2.596572580645161166e-01,2.629853110599078558e-01,2.621356566820276512e-01,2.597307027649769506e-01,2.623387096774193461e-01,2.608395737327188768e-01,2.622523041474654204e-01,2.625676843317972242e-01,2.621730990783410209e-01
1.538263248847926146e-01,3.177318548387096930e-01,2.619801267281106072e-01,2.553096198156681873e-01,2.609792626728110743e-01,2.605083525345622264e-01,2.597292626728110454e-01,2.601641705069124288e-01,2.592194700460829226e-01,2.629478686635944862e-01,2.621860599078341125e-01,2.623358294930875356e-01,2.624251152073732718e-01,2.624251152073732718e-01,2.609835829493087345e-01,1.594052419354838601e-01,2.587010368663594240e-01,2.614069700460829315e-01,2.624251152073732718e-01,2.620046082949308852e-01,2.620190092165898821e-01,2.596975806451612967e-01,2.625792050691244106e-01,2.609936635944700711e-01,2.624971198156682006e-01,2.612096774193548576e-01,2.620607718894009119e-01,2.617785138248848176e-01,2.622724654377880382e-01,2.619570852534562344e-01,2.520953341013824622e-01,2.620809331797235298e-01,2.627462557603686411e-01,2.625302419354838546e-01,2.627318548387096997e-01,2.621486175115207429e-01,2.626411290322580583e-01,2.625302419354838546e-01,2.627073732718894217e-01,2.624251152073732718e-01,2.629853110599078558e-01,2.627318548387096997e-01,2.629478686635944862e-01,2.622580645161290414e-01,2.623646313364055294e-01,2.577304147465437900e-01,2.613148041474654404e-01,2.619066820276497731e-01,2.624251152073732718e-01,2.627318548387096997e-01
1.660152649769585376e-01,1.540970622119815781e-01,2.570218894009216326e-01,2.441431451612903203e-01,2.627692972350230138e-01,2.616705069124423688e-01,2.599063940092166125e-01,2.619455645161290480e-01,2.625302419354838546e-01,2.624020737327188990e-01,2.628557027649769395e-01,2.624251152073732718e-01,2.614112903225806472e-01,2.618706797235023087e-01,2.622148617511520508e-01,1.846630184331797264e-01,2.531538018433179826e-01,2.616777073732718950e-01,2.595780529953917171e-01,2.622523041474654204e-01,2.620204493087557873e-01,2.620046082949308852e-01,2.621730990783410209e-01,2.620204493087557873e-01,2.616791474654378002e-01,2.621126152073732785e-01,2.622350230414746686e-01,2.615264976958525112e-01,1.995492511520737255e-01,2.619729262672810810e-01,2.609778225806451690e-01,2.623257488479262545e-01,2.626281682027649667e-01,2.622580645161290414e-01,2.622364631336405738e-01,2.624927995391704849e-01,2.623876728110599021e-01,2.624020737327188990e-01,2.626036866359446886e-01,2.624927995391704849e-01,2.621486175115207429e-01,2.622753456221197932e-01,2.621860599078341125e-01,2.623286290322580649e-01,2.627088133640553269e-01,2.624020737327188990e-01,2.609792626728110743e-01,2.626411290322580583e-01,2.623646313364055294e-01,2.905587557603686588e-01
2.627462557603686411e-01,1.522969470046083018e-01,1.867842741935483997e-01,2.626411290322580583e-01,2.148415898617511421e-01,1.546572580645161343e-01,2.553758640552995507e-01,2.604694700460829515e-01,2.596673387096773977e-01,1.526872119815668172e-01,2.607603686635944773e-01,2.590466589861751268e-01,2.620564516129032517e-01,2.615999423963133452e-01,2.626411290322580583e-01,2.625302419354838546e-01,2.629478686635944862e-01,2.592194700460829226e-01,2.625115207373271975e-01,2.613738479262672776e-01,2.629478686635944862e-01,2.626036866359446886e-01,1.971370967741935543e-01,2.626036866359446886e-01,2.547926267281105939e-01,2.610037442396313523e-01,2.621860599078341125e-01,2.614732142857142949e-01,2.623502304147465325e-01,2.622508640552995152e-01,2.619671658986175156e-01,2.617266705069124511e-01,2.624308755760368927e-01,2.619945276497696041e-01,2.606437211981567081e-01,2.614213709677419284e-01,2.627088133640553269e-01,2.622897465437787901e-01,2.629478686635944862e-01,2.627318548387096997e-01,2.624020737327188990e-01,2.621860599078341125e-01,2.627462557603686411e-01,2.627088133640553269e-01,2.626569700460829604e-01,2.601627304147465236e-01,2.618404377880184097e-01,2.626699308755760520e-01,2.626699308755760520e-01,2.625302419354838546e-01
1.526872119815668172e-01,1.577260944700460965e-01,1.956782834101382373e-01,2.623646313364055294e-01,2.613436059907834341e-01,2.561621543778802024e-01,2.559389400921658897e-01,1.504003456221198187e-01,2.604406682027649578e-01,2.599236751152073643e-01,2.629853110599078558e-01,2.592871543778801913e-01,2.562039170506912322e-01,2.616013824884792505e-01,2.589804147465437634e-01,2.601022465437787812e-01,2.623876728110599021e-01,2.605097926267281316e-01,2.624971198156682006e-01,2.616345046082949044e-01,2.601195276497695885e-01,2.625806451612903158e-01,2.618058755760368506e-01,2.572105414746543861e-01,2.610714285714285654e-01,2.627318548387096997e-01,2.626036866359446886e-01,2.627462557603686411e-01,2.621572580645161188e-01,2.613565668202764702e-01,2.624308755760368927e-01,2.624251152073732718e-01,2.623631912442396241e-01,2.624927995391704849e-01,2.625144009216590080e-01,2.629853110599078558e-01,2.626699308755760520e-01,2.590956221198156828e-01,2.627318548387096997e-01,2.536074308755760232e-01,2.628557027649769395e-01,2.620190092165898821e-01,2.623631912442396241e-01,2.624927995391704849e-01,2.627462557603686411e-01,2.608107718894009386e-01,2.627073732718894217e-01,2.626036866359446886e-01,2.628557027649769395e-01,2.613090437788018194e-01
1.526872119815668172e-01,2.621860599078341125e-01,2.621860599078341125e-01,2.622235023041474822e-01,2.575475230414746575e-01,1.835210253456221186e-01,2.626022465437787834e-01,2.589933755760368550e-01,2.568937211981566771e-01,2.602232142857142660e-01,2.607848502304147553e-01,2.603801843317972153e-01,2.612874423963133519e-01,2.609432603686636098e-01,2.610368663594470062e-01,2.591863479262672687e-01,2.607978110599078470e-01,2.624683179723502069e-01,2.629478686635944862e-01,2.624683179723502069e-01,2.625676843317972242e-01,2.620074884792626957e-01,1.524265552995391626e-01,2.623790322580645262e-01,2.624927995391704849e-01,2.611275921658985921e-01,2.621860599078341125e-01,2.619196428571428648e-01,2.623286290322580649e-01,2.623876728110599021e-01,2.626699308755760520e-01,2.625302419354838546e-01,2.608885368663594329e-01,2.567281105990783519e-01,2.629478686635944862e-01,2.623646313364055294e-01,2.627318548387096997e-01,2.624020737327188990e-01,2.622523041474654204e-01,2.627088133640553269e-01,2.627318548387096997e-01,2.617295506912442615e-01,2.258986175115207384e-01,2.628557027649769395e-01,1.972767857142857240e-01,2.615855414746544039e-01,2.624683179723502069e-01,2.618159562211981317e-01,2.627318548387096997e-01,2.565020161290322842e-01
2.627462557603686411e-01,1.525864055299539224e-01,1.641604262672811121e-01,2.614530529953917326e-01,2.342137096774193628e-01,2.604824308755760431e-01,2.627462557603686411e-01,2.582301267281105761e-01,2.603758640552995551e-01,2.617309907834101113e-01,2.604032258064515881e-01,2.620434907834101601e-01,2.624006336405529938e-01,2.603801843317972153e-01,2.612499999999999822e-01,2.627088133640553269e-01,1.522983870967742071e-01,2.619815668202765124e-01,2.604809907834101379e-01,2.624035138248848043e-01,2.621126152073732785e-01,2.627088133640553269e-01,2.557546082949308519e-01,2.627692972350230138e-01,2.610786290322580916e-01,2.624006336405529938e-01,2.626699308755760520e-01,2.626036866359446886e-01,2.624049539170507095e-01,2.624020737327188990e-01,2.620074884792626957e-01,2.627462557603686411e-01,2.629853110599078558e-01,2.550187211981566615e-01,2.605717165898617238e-01,2.627462557603686411e-01,2.627318548387096997e-01,2.627462557603686411e-01,2.625806451612903158e-01,2.617425115207373532e-01,2.615380184331796976e-01,2.629478686635944862e-01,2.626036866359446886e-01,2.629478686635944862e-01,2.624683179723502069e-01,2.604406682027649578e-01,2.568577188940092126e-01,2.604997119815667950e-01,2.618677995391704982e-01,2.591575460829493305e-01
2.026641705069124333e-01,2.627073732718894217e-01,1.644844470046082918e-01,1.869038018433179793e-01,2.546932603686635765e-01,2.577217741935484141e-01,2.593130760368663745e-01,2.621486175115207429e-01,1.526872119815668172e-01,2.595146889400921641e-01,2.607603686635944773e-01,2.601641705069124288e-01,2.602808179723502535e-01,2.591028225806451535e-01,2.595924539170507139e-01,2.621860599078341125e-01,2.620190092165898821e-01,2.624913594470046352e-01,2.616129032258064369e-01,2.625302419354838546e-01,2.622422235023041392e-01,2.599582373271889235e-01,2.606091589861750935e-01,2.624251152073732718e-01,2.615120967741935698e-01,2.614487327188940169e-01,2.835671082949308697e-01,2.618677995391704982e-01,2.609720622119815481e-01,2.627073732718894217e-01,2.625907258064515970e-01,2.620190092165898821e-01,2.621860599078341125e-01,2.627088133640553269e-01,2.626411290322580583e-01,2.602462557603686388e-01,2.629478686635944862e-01,2.623646313364055294e-01,2.618634792626728380e-01,2.621975806451612989e-01,2.629853110599078558e-01,2.618173963133640370e-01,2.627318548387096997e-01,2.626699308755760520e-01,2.626411290322580583e-01,2.627088133640553269e-01,2.626699308755760520e-01,2.626699308755760520e-01,1.547983870967741815e-01,2.567396313364055382e-01
1.526872119815668172e-01,2.607330069124423888e-01,2.613220046082949111e-01,2.627462557603686411e-01,2.613090437788018194e-01,2.599711981566820151e-01,2.589170506912442660e-01,2.554219470046082963e-01,2.616388248847926201e-01,2.624006336405529938e-01,2.609490207373271753e-01,2.619830069124424177e-01,2.591100230414746797e-01,2.620852534562211900e-01,2.610383064516129115e-01,2.623127880184331628e-01,2.622148617511520508e-01,2.581739631336405494e-01,2.602332949308756027e-01,2.600072004608294796e-01,1.538594470046082963e-01,2.625432027649769462e-01,2.589631336405530115e-01,2.620866935483870952e-01,2.612168778801843283e-01,2.626411290322580583e-01,2.628960253456221197e-01,2.617972350230414746e-01,2.615941820276497798e-01,2.624567972350230205e-01,2.610368663594470062e-01,2.622955069124424110e-01,2.621615783410138345e-01,2.622911866359446953e-01,2.621457373271889324e-01,2.629853110599078558e-01,2.617108294930875489e-01,2.558539746543778692e-01,2.612716013824885053e-01,2.622897465437787901e-01,2.623646313364055294e-01,2.617842741935483830e-01,2.624927995391704849e-01,2.629478686635944862e-01,2.627088133640553269e-01,2.604406682027649578e-01,2.621860599078341125e-01,2.611218317972350267e-01,1.972321428571428559e-01,2.629478686635944862e-01
1.526872119815668172e-01,2.621486175115207429e-01,1.997062211981566748e-01,2.585887096774193705e-01,2.610685483870967549e-01,2.596284562211981783e-01,2.624956797235022954e-01,2.586578341013824889e-01,2.688594470046082874e-01,2.595622119815668150e-01,2.592756336405530049e-01,2.611679147465437723e-01,2.611823156682027691e-01,2.619801267281106072e-01,2.608654953917050601e-01,2.613349654377880027e-01,2.620737327188940036e-01,2.616777073732718950e-01,2.613954493087557451e-01,2.388565668202765058e-01,2.629853110599078558e-01,2.624251152073732718e-01,2.618433179723502202e-01,2.530630760368663412e-01,2.624740783410138278e-01,2.620622119815668172e-01,2.611434331797234942e-01,2.619801267281106072e-01,2.626699308755760520e-01,2.614444124423963012e-01,1.526872119815668172e-01,2.556754032258064524e-01,2.618778801843317794e-01,2.620175691244239768e-01,2.270953341013824955e-01,2.613623271889400912e-01,2.618908410138248710e-01,2.624251152073732718e-01,2.627692972350230138e-01,2.627073732718894217e-01,2.627318548387096997e-01,2.623646313364055294e-01,2.624539170506912655e-01,2.627088133640553269e-01,2.620866935483870952e-01,2.617972350230414746e-01,2.618418778801843150e-01,2.615250576036866614e-01,2.613090437788018194e-01,1.997019009216589869e-01
2.599063940092166125e-01,2.616215437788018683e-01,2.626699308755760520e-01,1.967209101382488556e-01,2.144902073732719017e-01,2.619470046082949533e-01,1.536981566820276590e-01,2.627073732718894217e-01,2.594167626728110521e-01,2.600705645161290325e-01,2.595262096774193505e-01,2.613824884792626535e-01,2.623631912442396241e-01,2.603139400921659075e-01,2.592482718894009164e-01,2.620564516129032517e-01,2.582848502304147531e-01,2.624539170506912655e-01,2.626281682027649667e-01,2.626396889400921530e-01,2.620564516129032517e-01,2.613623271889400912e-01,1.994470046082949255e-01,2.621860599078341125e-01,2.322911866359446964e-01,2.623934331797235231e-01,2.607978110599078470e-01,2.624020737327188990e-01,2.626497695852534342e-01,2.618951612903225867e-01,2.610368663594470062e-01,2.609158986175115214e-01,2.622019009216589591e-01,2.623516705069124377e-01,2.620391705069124444e-01,2.618706797235023087e-01,2.627088133640553269e-01,2.626411290322580583e-01,2.627073732718894217e-01,2.628341013824884720e-01,2.624927995391704849e-01,2.623646313364055294e-01,2.627462557603686411e-01,2.629853110599078558e-01,2.624539170506912655e-01,2.627088133640553269e-01,2.622911866359446953e-01,2.610685483870967549e-01,2.605443548387096908e-01,2.627073732718894217e-01
2.592828341013824756e-01,1.973862327188940224e-01,2.628585829493087500e-01,2.600734447004608429e-01,2.599438364055299266e-01,2.618361175115207495e-01,2.591978686635944551e-01,1.526641705069124444e-01,2.616215437788018683e-01,2.624539170506912655e-01,2.547638248847926001e-01,2.567569124423962901e-01,2.604968317972350400e-01,2.623516705069124377e-01,2.615596198156682206e-01,2.617050691244239835e-01,2.602534562211981650e-01,2.610397465437788167e-01,2.624683179723502069e-01,2.627318548387096997e-01,2.627692972350230138e-01,2.622955069124424110e-01,2.616417050691244306e-01,2.609317396313364235e-01,2.613349654377880027e-01,2.625115207373271975e-01,2.618418778801843150e-01,2.629478686635944862e-01,2.618173963133640370e-01,2.622350230414746686e-01,2.621097350230414680e-01,2.624020737327188990e-01,2.627462557603686411e-01,2.623631912442396241e-01,2.609994239631336366e-01,2.624524769585253603e-01,2.628557027649769395e-01,2.603657834101382740e-01,2.617669930875576312e-01,2.624927995391704849e-01,2.626036866359446886e-01,2.621111751152073732e-01,2.627462557603686411e-01,2.627318548387096997e-01,2.629853110599078558e-01,2.629478686635944862e-01,2.598401497695852491e-01,2.621241359447004649e-01,2.624020737327188990e-01,2.625676843317972242e-01
2.623041474654377869e-01,1.950979262672811188e-01,2.612716013824885053e-01,2.613565668202764702e-01,2.627692972350230138e-01,2.567972350230414702e-01,2.534000576036866126e-01,2.602678571428571619e-01,2.609418202764977046e-01,2.468145161290322687e-01,2.620046082949308852e-01,2.607258064516129181e-01,2.610383064516129115e-01,2.625302419354838546e-01,2.620175691244239768e-01,2.621226958525345596e-01,2.613479262672810943e-01,2.601036866359446864e-01,1.544729262672810965e-01,2.627088133640553269e-01,2.609389400921658941e-01,2.625792050691244106e-01,2.625072004608294818e-01,2.620190092165898821e-01,2.628643433179723710e-01,2.625302419354838546e-01,2.614861751152073865e-01,2.574135944700460810e-01,2.627318548387096997e-01,2.616129032258064369e-01,2.627073732718894217e-01,2.624020737327188990e-01,2.581235599078340881e-01,2.623876728110599021e-01,2.629853110599078558e-01,2.616690668202765191e-01,2.621486175115207429e-01,2.624927995391704849e-01,2.627088133640553269e-01,2.624683179723502069e-01,2.621241359447004649e-01,2.623012672811059764e-01,2.627073732718894217e-01,2.623646313364055294e-01,2.627088133640553269e-01,2.626281682027649667e-01,2.611189516129032162e-01,2.624020737327188990e-01,2.608122119815668438e-01,2.616791474654378002e-01
2.624251152073732718e-01,2.620737327188940036e-01,2.500345622119815592e-01,2.621990207373272042e-01,2.611938364055299555e-01,2.601641705069124288e-01,2.615941820276497798e-01,2.626036866359446886e-01,2.621486175115207429e-01,2.607387672811060098e-01,2.621860599078341125e-01,2.618346774193548443e-01,1.526872119815668172e-01,2.622955069124424110e-01,2.613479262672810943e-01,2.503240207373271797e-01,2.624006336405529938e-01,2.622811059907834141e-01,2.623631912442396241e-01,2.610671082949308497e-01,2.622724654377880382e-01,2.625273617511520996e-01,2.627692972350230138e-01,2.629478686635944862e-01,2.627073732718894217e-01,2.626036866359446886e-01,2.627088133640553269e-01,2.577577764976958785e-01,2.622019009216589591e-01,2.627462557603686411e-01,2.598099078341014057e-01,2.624927995391704849e-01,2.624020737327188990e-01,2.622523041474654204e-01,2.614904953917050467e-01,2.610642281105990947e-01,2.629478686635944862e-01,2.629853110599078558e-01,2.617684331797234809e-01,2.627073732718894217e-01,2.624539170506912655e-01,2.626036866359446886e-01,2.627088133640553269e-01,2.612053571428571419e-01,2.569815668202765080e-01,2.621111751152073732e-01,2.615999423963133452e-01,2.619570852534562344e-01,2.387355990783410209e-01,2.629478686635944862e-01
