2.636463133640553069e-01,2.610858294930875623e-01,2.634879032258064524e-01,2.594930875576036966e-01,2.634749423963133608e-01,2.631898041474654559e-01,1.521630184331797253e-01,2.011535138248848054e-01,2.628240207373271908e-01,2.635872695852534697e-01,2.611016705069124644e-01,2.636722350230414902e-01,2.829233870967741704e-01,2.630918778801843438e-01,2.634158986175115236e-01,2.631941244239631161e-01,2.622451036866359497e-01,2.636491935483871174e-01,2.631653225806451779e-01,2.626396889400921530e-01,2.635642281105990969e-01,2.634979838709677336e-01,2.634158986175115236e-01,2.634130184331797131e-01,2.635008640552995440e-01,2.633136520737326958e-01,2.626310483870967771e-01,2.636751152073732452e-01,2.633165322580645062e-01,2.633107718894009408e-01,3.226929723502304226e-01,2.636491935483871174e-01,2.631811635944700245e-01,2.629377880184332050e-01,2.635642281105990969e-01,2.624942396313363902e-01,2.628758640552995574e-01,2.636491935483871174e-01,2.631970046082949266e-01,2.631177995391705271e-01,2.604709101382488567e-01,2.631365207373271842e-01,2.636491935483871174e-01,2.614861751152073865e-01,2.632704493087557607e-01,2.634648617511520796e-01,2.629377880184332050e-01,2.633107718894009408e-01,2.620521313364055360e-01,2.586275921658985899e-01
2.633194124423963167e-01,2.012399193548387033e-01,2.614861751152073865e-01,2.632646889400921397e-01,2.533467741935483963e-01,2.630544354838709742e-01,2.631394009216589946e-01,2.623012672811059764e-01,2.781811635944700378e-01,2.623271889400921597e-01,2.636722350230414902e-01,2.634749423963133608e-01,2.630169930875576045e-01,2.570204493087557829e-01,2.632315668202764858e-01,2.633165322580645062e-01,2.634187788018433340e-01,2.633165322580645062e-01,2.632862903225806628e-01,2.615524193548386944e-01,2.631912442396313612e-01,2.632344470046082963e-01,2.628960253456221197e-01,2.622335829493087633e-01,2.634749423963133608e-01,3.204838709677419462e-01,2.623199884792626890e-01,2.622163018433179560e-01,2.632546082949308586e-01,2.003110599078340992e-01,2.634879032258064524e-01,2.632920506912442282e-01,2.630112327188939836e-01,2.633798963133640592e-01,2.634879032258064524e-01,2.631941244239631161e-01,2.636751152073732452e-01,2.631177995391705271e-01,2.634302995391705204e-01,2.632906105990783230e-01,2.633482142857143105e-01,2.632920506912442282e-01,2.625835253456221263e-01,2.623631912442396241e-01,2.636491935483871174e-01,2.636751152073732452e-01,2.634879032258064524e-01,2.633395737327188790e-01,2.634907834101382629e-01,2.636491935483871174e-01
2.635008640552995440e-01,2.008683755760368728e-01,2.634403801843318016e-01,2.606998847926267349e-01,2.614444124423963012e-01,2.626051267281105939e-01,1.521630184331797253e-01,2.513090437788018661e-01,2.626051267281105939e-01,2.630558755760368794e-01,2.622695852534562277e-01,2.748502304147465436e-01,2.611679147465437723e-01,2.628715437788018416e-01,2.631970046082949266e-01,1.521630184331797253e-01,2.454997119815668094e-01,2.634158986175115236e-01,2.634187788018433340e-01,2.636491935483871174e-01,2.634749423963133608e-01,2.632848502304147575e-01,2.636751152073732452e-01,2.634432603686636121e-01,2.632027649769585476e-01,1.521630184331797253e-01,2.636491935483871174e-01,1.537053571428571297e-01,2.633179723502304115e-01,2.582560483870967594e-01,2.615322580645161321e-01,2.633813364055299644e-01,2.636491935483871174e-01,2.587082373271889502e-01,2.631941244239631161e-01,2.626598502304147709e-01,2.634619815668202691e-01,2.630861175115207229e-01,2.635613479262672865e-01,2.628542626728110343e-01,2.635239055299539168e-01,2.631710829493087433e-01,2.628139400921659097e-01,2.634879032258064524e-01,2.009432603686635843e-01,2.634648617511520796e-01,2.632301267281105805e-01,2.630832373271889124e-01,2.633179723502304115e-01,2.026310483870967794e-01
2.634749423963133608e-01,2.628830645161290280e-01,1.516402649769585387e-01,2.618850806451613056e-01,2.007099654377880182e-01,2.028873847926267182e-01,1.513234447004608296e-01,2.428269009216589835e-01,2.617007488479262678e-01,2.630731566820276313e-01,2.607776497695852291e-01,2.632906105990783230e-01,2.541129032258064302e-01,1.535901497695852658e-01,2.613911290322580849e-01,2.633395737327188790e-01,2.607229262672811076e-01,2.623228686635944440e-01,2.619700460829493260e-01,2.633165322580645062e-01,2.634144585253456183e-01,2.634403801843318016e-01,2.629075460829493061e-01,2.631221198156681873e-01,2.633683755760368728e-01,2.633510944700460654e-01,2.622883064516128848e-01,2.634058179723502424e-01,2.636491935483871174e-01,2.634907834101382629e-01,2.636751152073732452e-01,2.628182603686635699e-01,2.634648617511520796e-01,2.632286866359446753e-01,2.631970046082949266e-01,2.632934907834101335e-01,2.628096198156681940e-01,2.623387096774193461e-01,2.634907834101382629e-01,2.633798963133640592e-01,2.634619815668202691e-01,2.635887096774193750e-01,2.611923963133640503e-01,2.636491935483871174e-01,2.633770161290322487e-01,1.994225230414746475e-01,2.636491935483871174e-01,2.633798963133640592e-01,2.632963709677419439e-01,2.630457949308755983e-01
2.620578917050691015e-01,2.625576036866359431e-01,1.962355990783410109e-01,2.636491935483871174e-01,1.981336405529953992e-01,2.034101382488479326e-01,2.489660138248847854e-01,2.602275345622119818e-01,2.609115783410138056e-01,2.623113479262672576e-01,2.631653225806451779e-01,2.635858294930875645e-01,2.629334677419354893e-01,2.592957949308755672e-01,2.593663594470045908e-01,2.590423387096774110e-01,2.630961981566820040e-01,2.632906105990783230e-01,2.632906105990783230e-01,2.632934907834101335e-01,2.633165322580645062e-01,2.631120391705069061e-01,2.542525921658986277e-01,2.598041474654377847e-01,2.632488479262672931e-01,2.632906105990783230e-01,2.633165322580645062e-01,2.621370967741935565e-01,2.633554147465437811e-01,2.635858294930875645e-01,2.635239055299539168e-01,2.628456221198156584e-01,2.614012096774193661e-01,2.635037442396313545e-01,2.634907834101382629e-01,2.634749423963133608e-01,2.635901497695852802e-01,2.636491935483871174e-01,2.636751152073732452e-01,2.634648617511520796e-01,2.617957949308755694e-01,2.634907834101382629e-01,2.634648617511520796e-01,2.622004608294931094e-01,2.622595046082949466e-01,2.635901497695852802e-01,2.636491935483871174e-01,2.636722350230414902e-01,2.632675691244239502e-01,2.635901497695852802e-01
1.595751728110599010e-01,2.006336405529954015e-01,2.624337557603686477e-01,2.414372119815668127e-01,2.634302995391705204e-01,2.631970046082949266e-01,2.604147465437787745e-01,2.634979838709677336e-01,2.575014400921659119e-01,2.633554147465437811e-01,2.629118663594470218e-01,2.630544354838709742e-01,2.635642281105990969e-01,2.631970046082949266e-01,2.634749423963133608e-01,2.626396889400921530e-01,2.633165322580645062e-01,2.630227534562212255e-01,2.632906105990783230e-01,2.628485023041474689e-01,2.630544354838709742e-01,2.634158986175115236e-01,2.629968317972350422e-01,2.635642281105990969e-01,2.634749423963133608e-01,2.629133064516129270e-01,2.623401497695852513e-01,2.634043778801843372e-01,2.626598502304147709e-01,2.632546082949308586e-01,2.634619815668202691e-01,2.636751152073732452e-01,2.636751152073732452e-01,2.634648617511520796e-01,2.634792626728110765e-01,2.631120391705069061e-01,2.631970046082949266e-01,2.635872695852534697e-01,2.624524769585253603e-01,2.634605414746543639e-01,2.636722350230414902e-01,2.614775345622119551e-01,2.636491935483871174e-01,2.634907834101382629e-01,2.634619815668202691e-01,2.634907834101382629e-01,2.619542050691244239e-01,2.627275345622119840e-01,2.633770161290322487e-01,2.635872695852534697e-01
1.521630184331797253e-01,2.003845046082949333e-01,2.507358870967741904e-01,1.815581797235022998e-01,2.609605414746543617e-01,2.613666474654378069e-01,2.620074884792626957e-01,2.628413018433179982e-01,2.805313940092166169e-01,2.632344470046082963e-01,1.521630184331797253e-01,2.633165322580645062e-01,2.633928571428571508e-01,2.632315668202764858e-01,2.633194124423963167e-01,2.633165322580645062e-01,2.575288018433179449e-01,2.632877304147465680e-01,2.631811635944700245e-01,2.634619815668202691e-01,2.633510944700460654e-01,2.625835253456221263e-01,2.591647465437788012e-01,2.631638824884792727e-01,2.631710829493087433e-01,2.776771313364055360e-01,2.634907834101382629e-01,2.630832373271889124e-01,2.634907834101382629e-01,2.632488479262672931e-01,2.636722350230414902e-01,2.635901497695852802e-01,2.634648617511520796e-01,2.620377304147465392e-01,2.624020737327188990e-01,2.626728110599078070e-01,2.616532258064516170e-01,2.636491935483871174e-01,2.636751152073732452e-01,2.632114055299539235e-01,2.621831797235023020e-01,2.634158986175115236e-01,2.631898041474654559e-01,2.633554147465437811e-01,2.632963709677419439e-01,2.636146313364055027e-01,2.635642281105990969e-01,2.635642281105990969e-01,2.634648617511520796e-01,2.634879032258064524e-01
2.634907834101382629e-01,2.605011520737327002e-01,2.225633640552995285e-01,2.003571428571428448e-01,2.432344470046083063e-01,2.909202188940092082e-01,2.859259792626728247e-01,2.631941244239631161e-01,2.631840437788018350e-01,2.628902649769584987e-01,1.526987327188940036e-01,2.625648041474654137e-01,2.632632488479262900e-01,2.582862903225806583e-01,2.590365783410138456e-01,2.633424539170506895e-01,2.630832373271889124e-01,2.634749423963133608e-01,2.634778225806451712e-01,2.631149193548387166e-01,2.635613479262672865e-01,2.623329493087557807e-01,2.627822580645161055e-01,2.589084101382488345e-01,2.636491935483871174e-01,2.629766705069124244e-01,2.609230990783409920e-01,2.633208525345622220e-01,2.635426267281105739e-01,2.634158986175115236e-01,2.476699308755760387e-01,2.634101382488479026e-01,2.634648617511520796e-01,2.636491935483871174e-01,2.632042050691243973e-01,2.634648617511520796e-01,2.630385944700460721e-01,2.636722350230414902e-01,2.635008640552995440e-01,2.629867511520737056e-01,2.622263824884792371e-01,2.636491935483871174e-01,2.596025345622119951e-01,2.633136520737326958e-01,2.629550691244239569e-01,2.636751152073732452e-01,2.634648617511520796e-01,2.634058179723502424e-01,2.636463133640553069e-01,2.633208525345622220e-01
2.607214861751152024e-01,2.633741359447004382e-01,1.521630184331797253e-01,2.502059331797235053e-01,2.997119815668202736e-01,3.096615783410138212e-01,2.617655529953917259e-01,2.619009216589861522e-01,2.631840437788018350e-01,2.632646889400921397e-01,2.614530529953917326e-01,2.618562788018433118e-01,2.612211981566820440e-01,2.622753456221197932e-01,2.616978686635944573e-01,2.629377880184332050e-01,2.616273041474654337e-01,2.632387672811060120e-01,2.620996543778801868e-01,2.631394009216589946e-01,2.633194124423963167e-01,2.628168202764977202e-01,2.634619815668202691e-01,2.619700460829493260e-01,2.614429723502303959e-01,2.635872695852534697e-01,2.611866359447004848e-01,2.632906105990783230e-01,2.014688940092165814e-01,2.623588709677419084e-01,2.630832373271889124e-01,2.634821428571428314e-01,2.632934907834101335e-01,2.636491935483871174e-01,2.633813364055299644e-01,2.633554147465437811e-01,2.635642281105990969e-01,2.625072004608294818e-01,2.633798963133640592e-01,2.636491935483871174e-01,2.636491935483871174e-01,2.635887096774193750e-01,2.633784562211981539e-01,2.607243663594470129e-01,2.636491935483871174e-01,2.636491935483871174e-01,2.636491935483871174e-01,2.633136520737326958e-01,2.634907834101382629e-01,2.633928571428571508e-01
2.676742511520737167e-01,2.011103110599078425e-01,2.520290898617511544e-01,2.349193548387096819e-01,2.567266705069124466e-01,2.620161290322580716e-01,2.621500576036866481e-01,2.627606566820276379e-01,2.630961981566820040e-01,2.628557027649769395e-01,2.633899769585253403e-01,2.625201612903225734e-01,2.631394009216589946e-01,2.631394009216589946e-01,2.622091013824884853e-01,2.628369815668202825e-01,2.634648617511520796e-01,2.632906105990783230e-01,2.622767857142856984e-01,2.632934907834101335e-01,1.521630184331797253e-01,2.632934907834101335e-01,2.626785714285714279e-01,2.601512096774193372e-01,2.631163594470046219e-01,2.614472926267281117e-01,2.632920506912442282e-01,2.629305875576036788e-01,2.627793778801843505e-01,2.626555299539170552e-01,2.636751152073732452e-01,2.633554147465437811e-01,2.636491935483871174e-01,2.634634216589861744e-01,2.627822580645161055e-01,2.633237327188940324e-01,2.636491935483871174e-01,2.595362903225806317e-01,2.634648617511520796e-01,2.627419354838709808e-01,2.632704493087557607e-01,2.633798963133640592e-01,2.635642281105990969e-01,2.633554147465437811e-01,2.635642281105990969e-01,2.630803571428571574e-01,2.636491935483871174e-01,3.488364055299539301e-01,2.636722350230414902e-01,2.636751152073732452e-01
1.521298963133640436e-01,2.008683755760368728e-01,2.460656682027649866e-01,2.627131336405529871e-01,2.598387096774193439e-01,2.611376728110599288e-01,2.654968317972350444e-01,2.625201612903225734e-01,2.556811635944700734e-01,2.631192396313364323e-01,2.571514976958525489e-01,2.626281682027649667e-01,2.629939516129032318e-01,2.631840437788018350e-01,2.631221198156681873e-01,2.635210253456221063e-01,2.633784562211981539e-01,2.598991935483870863e-01,2.634778225806451712e-01,2.631422811059908051e-01,2.632114055299539235e-01,2.632934907834101335e-01,2.632934907834101335e-01,2.634648617511520796e-01,2.636751152073732452e-01,2.632704493087557607e-01,2.025388824884792605e-01,2.632906105990783230e-01,2.577635368663594440e-01,2.632963709677419439e-01,2.632186059907833942e-01,2.635887096774193750e-01,2.632704493087557607e-01,2.633525345622119707e-01,2.631710829493087433e-01,2.634979838709677336e-01,2.634648617511520796e-01,2.625331221198156650e-01,2.632704493087557607e-01,2.634907834101382629e-01,2.623099078341014079e-01,2.633554147465437811e-01,2.633554147465437811e-01,2.636491935483871174e-01,2.633899769585253403e-01,2.636491935483871174e-01,2.635901497695852802e-01,2.634648617511520796e-01,2.631105990783410009e-01,3.583294930875576267e-01
1.521630184331797253e-01,2.011679147465437745e-01,2.029867511520737355e-01,2.632906105990783230e-01,2.544743663594469796e-01,2.780011520737327158e-01,2.765020161290322465e-01,2.602332949308756027e-01,2.607502880184331961e-01,2.635037442396313545e-01,2.617641129032258207e-01,2.625201612903225734e-01,2.620881336405530004e-01,1.521630184331797253e-01,2.625835253456221263e-01,2.634951036866359231e-01,2.609533410138248910e-01,2.631422811059908051e-01,2.633899769585253403e-01,2.633798963133640592e-01,2.634749423963133608e-01,2.634648617511520796e-01,2.631422811059908051e-01,2.610167050691244439e-01,2.630861175115207229e-01,2.584864631336405427e-01,2.624467165898617393e-01,2.629363479262672998e-01,2.632949308755760387e-01,2.588536866359447131e-01,2.582560483870967594e-01,2.632416474654377669e-01,2.636491935483871174e-01,2.633165322580645062e-01,2.628729838709677469e-01,2.631249999999999978e-01,2.630961981566820040e-01,2.633496543778801602e-01,2.636491935483871174e-01,2.621342165898617460e-01,2.636463133640553069e-01,2.636463133640553069e-01,2.633554147465437811e-01,2.634648617511520796e-01,2.632963709677419439e-01,2.633798963133640592e-01,2.632286866359446753e-01,2.636491935483871174e-01,2.635901497695852802e-01,3.666935483870967794e-01
2.008813364055299644e-01,2.628902649769584987e-01,2.002419354838709808e-01,2.201857718894009164e-01,2.633554147465437811e-01,2.619527649769585187e-01,2.632906105990783230e-01,2.627894585253456317e-01,2.768145161290322398e-01,2.602361751152073577e-01,2.624207949308755561e-01,2.609173387096774266e-01,2.632157258064516392e-01,2.634648617511520796e-01,2.633899769585253403e-01,2.631451612903225601e-01,2.631322004608294685e-01,2.635037442396313545e-01,2.629997119815667972e-01,2.633165322580645062e-01,2.633194124423963167e-01,2.591316244239631472e-01,2.632546082949308586e-01,2.590509792626727870e-01,2.629824308755760454e-01,2.622422235023041392e-01,2.630198732718894150e-01,2.571025345622119929e-01,2.633813364055299644e-01,2.626569700460829604e-01,3.530025921658986321e-01,2.530501152073732496e-01,2.519700460829493172e-01,2.636751152073732452e-01,2.578686635944700267e-01,2.634907834101382629e-01,2.631710829493087433e-01,2.634907834101382629e-01,2.636722350230414902e-01,2.623012672811059764e-01,2.629939516129032318e-01,2.632531682027649533e-01,2.633395737327188790e-01,2.634058179723502424e-01,2.634907834101382629e-01,2.633798963133640592e-01,2.634648617511520796e-01,2.634907834101382629e-01,2.633165322580645062e-01,3.701670506912442260e-01
2.636491935483871174e-01,2.634648617511520796e-01,1.521630184331797253e-01,1.760397465437787967e-01,2.550993663594470218e-01,2.636751152073732452e-01,2.512082373271889435e-01,2.633237327188940324e-01,1.554233870967741959e-01,2.551440092165898621e-01,2.634879032258064524e-01,2.631970046082949266e-01,2.632675691244239502e-01,2.608539746543778737e-01,2.631710829493087433e-01,2.626339285714285876e-01,2.630112327188939836e-01,2.633165322580645062e-01,2.631970046082949266e-01,2.632056451612903025e-01,2.631394009216589946e-01,1.960253456221198176e-01,2.629968317972350422e-01,2.632934907834101335e-01,2.634749423963133608e-01,2.636722350230414902e-01,2.635858294930875645e-01,2.619570852534562344e-01,2.633813364055299644e-01,2.620290898617511632e-01,2.635872695852534697e-01,2.634907834101382629e-01,2.631365207373271842e-01,2.636751152073732452e-01,2.636463133640553069e-01,2.634648617511520796e-01,2.626209677419354960e-01,2.633813364055299644e-01,2.619527649769585187e-01,3.132920506912442171e-01,2.636751152073732452e-01,2.634907834101382629e-01,2.634907834101382629e-01,2.633554147465437811e-01,2.634648617511520796e-01,2.635901497695852802e-01,2.632934907834101335e-01,2.633554147465437811e-01,3.466777073732719150e-01,3.648646313364055094e-01
2.634907834101382629e-01,1.568217165898617427e-01,1.521630184331797253e-01,1.993476382488479359e-01,1.521327764976958541e-01,2.489357718894009142e-01,2.525316820276497509e-01,2.621903801843317727e-01,2.632387672811060120e-01,2.572119815668202913e-01,2.635642281105990969e-01,2.594124423963133363e-01,2.628672235023041259e-01,2.634749423963133608e-01,2.591676267281106116e-01,2.633482142857143105e-01,2.631653225806451779e-01,2.633136520737326958e-01,2.624337557603686477e-01,2.636491935483871174e-01,2.632272465437788256e-01,2.629147465437787767e-01,2.629968317972350422e-01,2.636751152073732452e-01,2.620290898617511632e-01,2.626238479262673065e-01,2.634648617511520796e-01,2.629939516129032318e-01,2.628427419354838479e-01,2.636491935483871174e-01,2.631451612903225601e-01,2.634821428571428314e-01,1.521630184331797253e-01,2.634648617511520796e-01,2.631970046082949266e-01,2.636491935483871174e-01,2.635642281105990969e-01,2.636491935483871174e-01,2.636146313364055027e-01,2.634648617511520796e-01,2.631970046082949266e-01,2.634619815668202691e-01,2.608510944700460632e-01,2.635642281105990969e-01,1.999452764976958619e-01,2.635642281105990969e-01,2.635901497695852802e-01,3.061938364055299400e-01,2.596082949308755605e-01,3.684893433179723399e-01
1.521630184331797253e-01,2.633237327188940324e-01,2.633496543778801602e-01,2.623876728110599021e-01,2.015812211981566904e-01,2.001166474654377803e-01,2.607387672811060098e-01,2.552275345622119773e-01,2.631394009216589946e-01,2.631538018433179915e-01,2.631682027649769329e-01,2.631394009216589946e-01,2.621356566820276512e-01,2.615596198156682206e-01,2.635037442396313545e-01,2.619988479262672643e-01,2.634619815668202691e-01,2.636491935483871174e-01,2.635613479262672865e-01,2.624006336405529938e-01,2.635426267281105739e-01,2.616143433179723421e-01,2.626483294930875845e-01,2.632661290322580450e-01,2.622263824884792371e-01,2.635239055299539168e-01,2.627880184331797264e-01,2.582344470046082918e-01,2.634907834101382629e-01,2.623099078341014079e-01,2.635239055299539168e-01,2.631451612903225601e-01,2.635901497695852802e-01,2.633510944700460654e-01,2.632229262672811099e-01,2.634907834101382629e-01,2.630861175115207229e-01,2.624337557603686477e-01,2.632934907834101335e-01,2.634389400921658964e-01,2.634648617511520796e-01,2.635642281105990969e-01,2.636491935483871174e-01,2.635008640552995440e-01,2.634907834101382629e-01,2.636491935483871174e-01,2.633798963133640592e-01,2.630832373271889124e-01,3.033885368663594706e-01,2.646975806451613011e-01
1.521630184331797253e-01,2.019455645161290225e-01,2.015279377880184464e-01,2.838335253456221174e-01,2.546975806451612923e-01,2.608554147465437789e-01,2.633496543778801602e-01,2.621284562211981806e-01,2.630803571428571574e-01,1.521687788018433185e-01,2.636751152073732452e-01,2.547206221198156650e-01,2.633165322580645062e-01,2.617842741935483830e-01,2.626857718894008986e-01,2.635037442396313545e-01,2.619210829493087700e-01,2.630601958525345396e-01,2.631898041474654559e-01,2.629694700460829537e-01,2.630789170506912522e-01,2.617482718894009186e-01,2.636463133640553069e-01,2.631451612903225601e-01,2.631667626728110831e-01,2.623012672811059764e-01,2.628528225806451846e-01,2.622422235023041392e-01,1.521630184331797253e-01,2.632790898617511366e-01,2.620046082949308852e-01,2.631322004608294685e-01,2.635872695852534697e-01,2.634058179723502424e-01,2.634907834101382629e-01,2.634058179723502424e-01,2.633554147465437811e-01,2.634907834101382629e-01,2.636751152073732452e-01,2.619311635944700511e-01,2.633813364055299644e-01,2.633798963133640592e-01,2.636491935483871174e-01,2.632963709677419439e-01,2.634648617511520796e-01,2.636491935483871174e-01,2.636491935483871174e-01,2.633813364055299644e-01,2.629349078341013946e-01,3.096558179723502557e-01
1.542482718894009341e-01,1.521630184331797253e-01,2.628744239631336521e-01,2.015264976958525411e-01,1.515624999999999889e-01,2.551670506912442349e-01,2.605227534562212233e-01,2.634058179723502424e-01,2.585498271889400956e-01,2.631653225806451779e-01,2.632315668202764858e-01,3.152332949308755961e-01,2.630817972350230627e-01,2.624783986175115436e-01,2.624553571428571153e-01,2.631322004608294685e-01,2.636751152073732452e-01,2.618994815668203024e-01,2.636491935483871174e-01,2.635239055299539168e-01,2.634951036866359231e-01,2.631264400921659030e-01,2.631970046082949266e-01,2.611650345622119618e-01,2.635037442396313545e-01,2.633208525345622220e-01,2.630601958525345396e-01,2.633510944700460654e-01,2.624913594470046352e-01,2.604781105990783274e-01,2.632315668202764858e-01,2.636491935483871174e-01,2.633525345622119707e-01,2.632906105990783230e-01,2.634648617511520796e-01,2.634058179723502424e-01,2.633582949308755916e-01,2.617871543778801935e-01,2.620262096774193528e-01,2.636751152073732452e-01,2.633798963133640592e-01,2.636491935483871174e-01,2.635887096774193750e-01,2.634648617511520796e-01,2.636491935483871174e-01,2.634648617511520796e-01,2.633554147465437811e-01,2.633770161290322487e-01,2.605976382488479071e-01,2.045967741935483808e-01
1.514357718894009108e-01,2.633323732718894084e-01,1.543058755760368661e-01,2.019225230414746497e-01,2.026123271889400945e-01,1.861938364055299444e-01,2.630961981566820040e-01,1.871154953917050778e-01,2.604737903225806672e-01,2.634317396313364257e-01,2.632906105990783230e-01,2.626684907834101468e-01,2.628787442396313123e-01,2.633194124423963167e-01,2.582085253456221086e-01,2.631840437788018350e-01,2.633798963133640592e-01,2.593807603686635876e-01,2.633482142857143105e-01,2.599870391705069173e-01,2.634907834101382629e-01,2.600907258064515948e-01,2.632675691244239502e-01,2.634029377880184319e-01,2.634302995391705204e-01,2.633395737327188790e-01,2.631264400921659030e-01,2.621025345622119973e-01,2.629377880184332050e-01,2.635239055299539168e-01,2.636751152073732452e-01,2.632286866359446753e-01,2.636751152073732452e-01,2.634907834101382629e-01,2.635858294930875645e-01,2.631638824884792727e-01,2.636491935483871174e-01,2.633554147465437811e-01,2.634648617511520796e-01,2.634648617511520796e-01,2.636751152073732452e-01,2.632373271889401067e-01,2.636491935483871174e-01,2.636751152073732452e-01,2.624697580645161121e-01,2.628715437788018416e-01,2.631970046082949266e-01,2.631998847926267371e-01,2.634648617511520796e-01,2.050518433179723543e-01
2.631869239631336455e-01,1.543116359447004593e-01,1.888176843317972420e-01,2.636491935483871174e-01,2.068073156682027625e-01,3.289156105990783674e-01,2.633496543778801602e-01,2.572955069124424066e-01,3.141301843317972353e-01,2.635008640552995440e-01,2.631653225806451779e-01,2.634158986175115236e-01,2.632632488479262900e-01,2.629709101382488590e-01,2.636491935483871174e-01,2.632906105990783230e-01,2.631192396313364323e-01,2.633165322580645062e-01,3.078614631336405449e-01,2.629377880184332050e-01,2.634907834101382629e-01,2.636722350230414902e-01,2.628585829493087500e-01,2.624409562211981739e-01,2.622652649769585120e-01,2.632920506912442282e-01,2.628960253456221197e-01,2.633208525345622220e-01,2.634302995391705204e-01,2.625086405529953870e-01,2.634619815668202691e-01,2.630933179723502491e-01,2.631408410138248999e-01,2.632661290322580450e-01,2.635642281105990969e-01,2.617497119815668238e-01,2.636751152073732452e-01,2.636751152073732452e-01,2.636751152073732452e-01,2.623401497695852513e-01,2.628110599078340992e-01,2.635642281105990969e-01,2.636751152073732452e-01,2.636491935483871174e-01,2.634907834101382629e-01,2.630198732718894150e-01,2.631710829493087433e-01,2.635901497695852802e-01,2.631970046082949266e-01,2.634879032258064524e-01
1.531739631336405394e-01,1.862413594470045952e-01,2.631653225806451779e-01,2.630198732718894150e-01,2.633237327188940324e-01,2.619844470046082674e-01,2.634619815668202691e-01,2.634749423963133608e-01,2.626238479262673065e-01,2.633525345622119707e-01,2.631394009216589946e-01,2.599481566820276424e-01,2.632099654377880182e-01,2.634778225806451712e-01,1.988666474654377792e-01,2.633899769585253403e-01,2.636146313364055027e-01,2.617353110599078270e-01,2.631365207373271842e-01,2.631941244239631161e-01,2.632934907834101335e-01,2.629723502304147642e-01,2.618894009216589658e-01,2.622566244239631361e-01,2.635858294930875645e-01,2.632891705069124177e-01,2.632906105990783230e-01,2.633554147465437811e-01,2.634648617511520796e-01,2.634648617511520796e-01,2.634648617511520796e-01,2.012831221198156662e-01,2.635858294930875645e-01,1.521327764976958541e-01,2.633510944700460654e-01,2.634029377880184319e-01,2.634907834101382629e-01,2.631394009216589946e-01,2.622854262672811299e-01,2.636491935483871174e-01,2.633798963133640592e-01,2.633136520737326958e-01,2.636491935483871174e-01,2.632891705069124177e-01,2.633582949308755916e-01,2.625619239631336588e-01,2.634648617511520796e-01,2.636751152073732452e-01,3.075590437788018328e-01,2.571918202764976735e-01
2.635858294930875645e-01,2.443461981566820151e-01,2.630544354838709742e-01,2.636751152073732452e-01,2.632934907834101335e-01,2.512399193548386922e-01,2.636463133640553069e-01,2.628456221198156584e-01,2.627491359447004515e-01,2.631811635944700245e-01,2.000892857142857195e-01,2.636491935483871174e-01,2.628269009216590013e-01,2.633899769585253403e-01,2.633496543778801602e-01,2.631120391705069061e-01,2.634749423963133608e-01,2.634749423963133608e-01,2.632906105990783230e-01,2.607243663594470129e-01,2.631998847926267371e-01,2.586895161290322376e-01,2.618173963133640370e-01,2.619772465437787967e-01,2.589444124423962990e-01,2.634619815668202691e-01,2.632675691244239502e-01,2.635872695852534697e-01,2.616129032258064369e-01,2.606854838709677380e-01,2.632675691244239502e-01,2.632704493087557607e-01,2.597134216589861988e-01,2.633798963133640592e-01,2.634648617511520796e-01,2.628672235023041259e-01,2.630832373271889124e-01,2.632704493087557607e-01,2.631811635944700245e-01,2.629478686635944862e-01,2.618922811059907763e-01,2.635901497695852802e-01,2.633770161290322487e-01,2.634907834101382629e-01,2.633813364055299644e-01,2.632661290322580450e-01,2.635642281105990969e-01,2.636491935483871174e-01,2.615120967741935698e-01,2.607128456221198265e-01
2.574683179723502580e-01,1.535210253456221197e-01,2.631653225806451779e-01,2.618519585253455961e-01,1.568044354838709631e-01,2.632906105990783230e-01,2.632574884792626690e-01,2.617857142857142883e-01,2.634648617511520796e-01,2.616057027649769662e-01,2.631941244239631161e-01,2.633554147465437811e-01,2.631206797235022821e-01,2.631970046082949266e-01,2.631811635944700245e-01,2.635613479262672865e-01,2.631682027649769329e-01,2.589847350230414791e-01,2.634648617511520796e-01,2.632675691244239502e-01,2.626627304147465258e-01,2.593634792626728358e-01,2.633784562211981539e-01,2.607546082949308563e-01,2.573099078341014034e-01,2.598300691244239680e-01,2.633482142857143105e-01,2.630429147465437878e-01,2.631293202764977135e-01,2.632272465437788256e-01,2.636491935483871174e-01,2.628081797235022887e-01,2.633237327188940324e-01,2.632387672811060120e-01,2.635901497695852802e-01,2.634302995391705204e-01,2.635642281105990969e-01,2.636491935483871174e-01,2.636491935483871174e-01,2.633798963133640592e-01,2.633525345622119707e-01,2.636491935483871174e-01,2.636491935483871174e-01,2.635901497695852802e-01,2.635642281105990969e-01,2.634907834101382629e-01,2.633237327188940324e-01,2.632704493087557607e-01,2.633554147465437811e-01,2.633813364055299644e-01
1.896342165898617649e-01,2.429521889400921564e-01,2.631811635944700245e-01,2.629363479262672998e-01,2.632200460829492994e-01,2.633237327188940324e-01,2.632906105990783230e-01,2.631422811059908051e-01,2.837557603686635677e-01,2.631581221198156517e-01,2.633525345622119707e-01,2.628657834101382762e-01,2.632906105990783230e-01,2.614429723502303959e-01,2.634619815668202691e-01,1.975057603686636021e-01,2.636491935483871174e-01,2.627145737327188924e-01,2.635872695852534697e-01,2.624596774193548310e-01,2.631970046082949266e-01,2.631926843317972109e-01,2.636722350230414902e-01,2.632387672811060120e-01,2.634014976958525267e-01,2.635008640552995440e-01,2.632949308755760387e-01,2.632042050691243973e-01,2.598358294930875334e-01,2.631451612903225601e-01,2.631221198156681873e-01,2.636463133640553069e-01,2.632906105990783230e-01,2.636491935483871174e-01,2.636491935483871174e-01,2.636491935483871174e-01,2.631653225806451779e-01,2.634749423963133608e-01,2.635642281105990969e-01,2.621529377880184586e-01,2.635887096774193750e-01,2.636751152073732452e-01,2.633798963133640592e-01,2.634648617511520796e-01,2.632416474654377669e-01,2.632488479262672931e-01,2.634648617511520796e-01,2.634979838709677336e-01,2.636722350230414902e-01,2.636751152073732452e-01
1.900691244239631206e-01,2.622119815668202958e-01,2.427764976958525223e-01,2.635037442396313545e-01,2.636722350230414902e-01,2.631653225806451779e-01,2.573315092165898710e-01,2.634907834101382629e-01,2.633194124423963167e-01,2.632704493087557607e-01,2.636491935483871174e-01,2.632949308755760387e-01,2.616201036866359630e-01,2.631149193548387166e-01,2.631941244239631161e-01,2.630918778801843438e-01,2.636722350230414902e-01,2.635037442396313545e-01,2.625604838709677535e-01,2.634619815668202691e-01,2.625604838709677535e-01,2.636722350230414902e-01,2.631163594470046219e-01,2.557373271889401001e-01,2.635901497695852802e-01,2.632056451612903025e-01,2.624049539170507095e-01,2.635642281105990969e-01,2.608482142857143082e-01,2.619081221198156784e-01,1.521327764976958541e-01,2.624942396313363902e-01,2.636722350230414902e-01,2.634648617511520796e-01,2.636491935483871174e-01,2.636751152073732452e-01,2.629349078341013946e-01,2.622163018433179560e-01,2.636751152073732452e-01,2.632704493087557607e-01,2.632920506912442282e-01,2.636491935483871174e-01,1.512341589861751212e-01,2.635901497695852802e-01,2.625864055299539368e-01,2.633554147465437811e-01,2.629694700460829537e-01,2.633554147465437811e-01,2.623271889400921597e-01,2.872436635944700667e-01
2.600144009216590057e-01,2.634648617511520796e-01,1.521630184331797253e-01,2.441345046082949444e-01,2.634749423963133608e-01,2.631653225806451779e-01,2.629536290322580516e-01,2.632027649769585476e-01,2.633194124423963167e-01,2.619844470046082674e-01,2.602188940092166058e-01,2.632949308755760387e-01,2.620478110599078203e-01,2.636491935483871174e-01,2.629939516129032318e-01,2.007675691244239502e-01,2.616373847926267149e-01,2.625172811059907629e-01,2.632272465437788256e-01,2.634879032258064524e-01,2.625172811059907629e-01,2.634749423963133608e-01,2.631898041474654559e-01,2.631350806451612789e-01,2.636491935483871174e-01,2.632229262672811099e-01,2.629550691244239569e-01,2.636751152073732452e-01,2.634648617511520796e-01,2.630457949308755983e-01,2.630817972350230627e-01,2.634979838709677336e-01,2.634907834101382629e-01,2.633395737327188790e-01,2.624495967741935498e-01,2.633136520737326958e-01,2.636751152073732452e-01,2.635901497695852802e-01,2.631638824884792727e-01,2.636491935483871174e-01,2.635872695852534697e-01,2.636751152073732452e-01,2.633554147465437811e-01,2.633554147465437811e-01,2.634648617511520796e-01,2.636491935483871174e-01,2.630256336405529805e-01,2.636491935483871174e-01,2.636491935483871174e-01,2.779608294930875356e-01
1.973631912442396219e-01,2.013104838709677546e-01,2.522883064516128759e-01,2.509144585253456072e-01,2.631710829493087433e-01,2.621687788018433052e-01,2.634749423963133608e-01,2.625619239631336588e-01,2.635037442396313545e-01,2.632114055299539235e-01,2.634749423963133608e-01,2.634749423963133608e-01,2.604017857142857384e-01,2.600979262672811210e-01,2.596644585253456428e-01,2.631264400921659030e-01,2.633741359447004382e-01,2.631682027649769329e-01,2.634058179723502424e-01,2.631710829493087433e-01,2.631811635944700245e-01,2.607560483870967616e-01,2.624063940092166147e-01,2.629665898617511433e-01,2.634648617511520796e-01,2.607286866359446731e-01,2.719095622119815925e-01,2.631768433179723643e-01,2.633078917050691303e-01,2.628715437788018416e-01,2.633165322580645062e-01,2.634907834101382629e-01,2.636491935483871174e-01,2.630198732718894150e-01,2.634979838709677336e-01,2.632042050691243973e-01,2.634648617511520796e-01,2.634648617511520796e-01,2.631710829493087433e-01,2.636491935483871174e-01,2.634648617511520796e-01,2.633136520737326958e-01,2.635239055299539168e-01,2.636491935483871174e-01,2.636491935483871174e-01,2.634619815668202691e-01,2.634058179723502424e-01,2.636491935483871174e-01,1.521630184331797253e-01,2.630385944700460721e-01
2.633813364055299644e-01,2.631062788018433407e-01,1.917900345622119695e-01,2.483150921658986154e-01,2.411117511520737278e-01,1.535080645161290280e-01,2.623415898617511566e-01,2.633237327188940324e-01,2.631653225806451779e-01,2.610815092165898466e-01,2.635008640552995440e-01,2.633237327188940324e-01,2.634979838709677336e-01,2.632934907834101335e-01,2.634029377880184319e-01,2.625158410138248577e-01,2.621529377880184586e-01,2.634907834101382629e-01,2.628528225806451846e-01,2.632834101382488523e-01,2.626828917050691437e-01,2.635872695852534697e-01,2.632949308755760387e-01,2.621586981566820240e-01,2.595650921658986254e-01,2.636491935483871174e-01,2.626555299539170552e-01,2.619398041474654271e-01,2.626598502304147709e-01,2.636491935483871174e-01,2.622335829493087633e-01,2.636491935483871174e-01,2.629723502304147642e-01,2.634648617511520796e-01,2.635613479262672865e-01,2.635887096774193750e-01,2.633554147465437811e-01,2.619426843317972375e-01,2.629982718894009475e-01,2.632949308755760387e-01,2.625172811059907629e-01,2.631710829493087433e-01,2.634317396313364257e-01,2.634648617511520796e-01,2.634648617511520796e-01,2.634648617511520796e-01,2.636491935483871174e-01,2.633554147465437811e-01,2.635901497695852802e-01,2.633798963133640592e-01
1.532675691244239635e-01,1.904190668202765113e-01,2.854277073732718883e-01,2.632099654377880182e-01,2.635642281105990969e-01,2.629377880184332050e-01,2.629449884792626757e-01,2.632906105990783230e-01,2.585354262672810988e-01,2.634144585253456183e-01,2.633899769585253403e-01,2.468677995391705127e-01,2.632070852534562078e-01,2.593245967741935609e-01,2.633798963133640592e-01,2.634648617511520796e-01,2.621975806451612989e-01,2.623804723502304315e-01,2.633554147465437811e-01,2.615913018433179693e-01,2.636722350230414902e-01,2.626598502304147709e-01,2.629305875576036788e-01,2.621586981566820240e-01,2.636463133640553069e-01,2.599841589861751068e-01,2.598948732718894261e-01,2.578845046082949288e-01,2.632013248847926423e-01,2.630573156682027847e-01,2.601958525345622331e-01,2.633510944700460654e-01,2.629723502304147642e-01,2.635872695852534697e-01,2.633798963133640592e-01,2.634648617511520796e-01,2.632877304147465680e-01,2.634648617511520796e-01,2.636491935483871174e-01,2.634648617511520796e-01,2.632488479262672931e-01,2.632301267281105805e-01,2.634389400921658964e-01,2.635239055299539168e-01,2.634648617511520796e-01,2.635642281105990969e-01,2.636491935483871174e-01,2.633813364055299644e-01,2.633813364055299644e-01,2.624092741935483697e-01
1.530774769585253325e-01,1.915552995391704982e-01,2.592972350230414724e-01,2.610397465437788167e-01,2.636117511520737478e-01,2.634879032258064524e-01,2.596558179723502113e-01,2.634749423963133608e-01,2.634158986175115236e-01,2.633194124423963167e-01,2.629421082949308652e-01,2.634778225806451712e-01,2.631682027649769329e-01,2.628571428571428448e-01,2.627851382488479159e-01,2.635613479262672865e-01,2.612615207373271686e-01,2.557229262672811032e-01,2.621154953917050889e-01,2.619686059907834208e-01,2.633770161290322487e-01,2.634778225806451712e-01,2.635210253456221063e-01,2.633525345622119707e-01,2.632229262672811099e-01,2.599625576036866392e-01,2.635901497695852802e-01,2.606120391705069039e-01,2.635901497695852802e-01,2.633510944700460654e-01,2.627851382488479159e-01,2.633323732718894084e-01,2.631062788018433407e-01,2.620305299539170685e-01,2.634043778801843372e-01,2.631941244239631161e-01,2.634907834101382629e-01,2.636491935483871174e-01,2.636491935483871174e-01,2.635426267281105739e-01,2.634907834101382629e-01,2.632949308755760387e-01,2.629608294930875778e-01,2.634648617511520796e-01,2.636491935483871174e-01,2.633798963133640592e-01,2.632704493087557607e-01,2.634302995391705204e-01,2.628470622119815636e-01,2.653211405529953826e-01
